1 0.896174 0.509433 0.139826 0.172008
1 0.889515 0.064986 0.148704 0.126509
1 0.502325 0.565104 0.087193 0.118583
1 0.529646 0.473261 0.097656 0.099981
1 0.561035 0.397693 0.097656 0.058129
1 0.547666 0.244234 0.073242 0.090681
1 0.340146 0.256441 0.076730 0.091843
1 0.145415 0.372117 0.112770 0.111607
1 0.100074 0.464541 0.122070 0.142997
1 0.563360 0.065778 0.088356 0.091843
1 0.670317 0.087867 0.102307 0.149972
1 0.804594 0.202962 0.161598 0.117420
1 0.768555 0.290737 0.152297 0.093006
1 0.950928 0.298103 0.096191 0.203071
1 0.737746 0.400019 0.174386 0.141834
1 0.794713 0.727283 0.179036 0.215076
1 0.617420 0.739490 0.056966 0.086031
1 0.626008 0.926223 0.146747 0.145601
1 0.888270 0.889416 0.223460 0.221168
