1 0.156945 0.258880 0.168130 0.080038
1 0.363080 0.214079 0.152525 0.202863
1 0.267941 0.258880 0.039767 0.042788
1 0.169278 0.055261 0.027686 0.052352
1 0.194698 0.028582 0.028189 0.037250
1 0.259131 0.117429 0.120812 0.192796
1 0.321551 0.052493 0.080541 0.094133
1 0.409643 0.023297 0.035237 0.038760
1 0.623832 0.492953 0.114268 0.165613
1 0.448907 0.663851 0.069467 0.059399
1 0.342441 0.503524 0.038760 0.042788
1 0.580541 0.715196 0.056882 0.057386
1 0.646484 0.618798 0.029700 0.087085
1 0.505034 0.832736 0.098160 0.137423
1 0.651518 0.894904 0.090106 0.168130
1 0.566950 0.941718 0.159572 0.113764
