1 0.074194 0.383096 0.148387 0.204639
1 0.049024 0.886776 0.098049 0.130732
1 0.120202 0.969868 0.128874 0.058312
1 0.243023 0.975948 0.047318 0.041277
1 0.280022 0.956316 0.028693 0.027183
1 0.342121 0.966092 0.069329 0.065863
1 0.615211 0.946712 0.113133 0.104623
1 0.186896 0.628614 0.083058 0.056379
1 0.507802 0.391018 0.049332 0.034230
1 0.614520 0.394290 0.168130 0.141451
1 0.948222 0.602436 0.101603 0.161078
1 0.779377 0.653280 0.043794 0.030203
1 0.832484 0.638430 0.081548 0.106214
1 0.373148 0.852116 0.056882 0.088595
1 0.398820 0.795737 0.051848 0.086582
1 0.485150 0.757984 0.133900 0.174170
1 0.608227 0.656804 0.076011 0.124839
1 0.737597 0.515605 0.102187 0.158566
1 0.653532 0.474327 0.067957 0.064936
1 0.586330 0.528945 0.068460 0.099670
1 0.459981 0.565691 0.122825 0.077521
1 0.349740 0.653280 0.219475 0.137927
