1 0.478103 0.604704 0.056379 0.069970
1 0.546563 0.470049 0.039264 0.109737
1 0.513843 0.489177 0.038257 0.040271
1 0.554114 0.688517 0.039264 0.033223
1 0.638179 0.733570 0.032216 0.026679
1 0.631635 0.765786 0.026176 0.029700
1 0.605962 0.808574 0.036244 0.055875
1 0.606214 0.921583 0.025673 0.053359
1 0.507551 0.667878 0.037754 0.063426
1 0.509061 0.721237 0.053862 0.045304
1 0.451424 0.725264 0.049332 0.044298
1 0.404357 0.739107 0.057889 0.060909
1 0.436825 0.787935 0.053359 0.078024
1 0.493959 0.836260 0.106214 0.159572
