1 0.284655 0.864333 0.118940 0.132712
1 0.797351 0.327850 0.175280 0.123948
1 0.692544 0.526428 0.096146 0.067453
1 0.710414 0.785670 0.194306 0.199340
1 0.623832 0.771072 0.075507 0.088595
1 0.541277 0.651015 0.138934 0.210917
1 0.091002 0.742127 0.166620 0.162593
1 0.456709 0.504782 0.149001 0.136920
1 0.082696 0.637675 0.129873 0.123832
1 0.200236 0.519380 0.052855 0.077521
1 0.280273 0.472314 0.044801 0.045808
1 0.274988 0.569215 0.076514 0.067453
1 0.360060 0.583562 0.063426 0.042788
1 0.165250 0.470804 0.158062 0.119302
1 0.809077 0.151911 0.065440 0.068460
