1 0.293613 0.233459 0.124839 0.154035
1 0.382712 0.354271 0.135913 0.127859
1 0.461743 0.408888 0.127859 0.117288
1 0.529196 0.499245 0.146988 0.131886
1 0.588092 0.562923 0.247664 0.213938
1 0.518122 0.742630 0.160076 0.156552
1 0.468790 0.867721 0.102690 0.132893
1 0.921417 0.673147 0.155213 0.141416
1 0.957912 0.574592 0.082223 0.112437
1 0.247673 0.028134 0.089338 0.056268
1 0.417697 0.091757 0.240114 0.178701
1 0.708149 0.241010 0.062923 0.079534
1 0.828709 0.273729 0.064433 0.060406
1 0.892890 0.278512 0.048828 0.042788
1 0.850943 0.171806 0.296160 0.251212
1 0.699088 0.773589 0.056882 0.064433
1 0.237989 0.430281 0.087085 0.053359
1 0.748168 0.548576 0.036244 0.079534
1 0.362073 0.949521 0.035237 0.092119
