1 0.038579 0.661366 0.077159 0.160140
1 0.038650 0.540522 0.077018 0.081548
1 0.201494 0.368869 0.237597 0.258739
1 0.190420 0.540271 0.200346 0.157559
1 0.149394 0.699088 0.094133 0.175177
1 0.240506 0.720482 0.165613 0.255215
1 0.441608 0.779126 0.076514 0.142961
1 0.561916 0.718971 0.110744 0.085072
1 0.701856 0.611248 0.220482 0.109234
1 0.710414 0.456961 0.152022 0.182225
1 0.502014 0.400582 0.207394 0.056379
1 0.503020 0.275491 0.091616 0.062923
1 0.598160 0.219868 0.098663 0.112758
1 0.860422 0.337407 0.133900 0.099166
1 0.545053 0.089491 0.142457 0.121819
