1 0.233962 0.170284 0.103193 0.126349
1 0.281280 0.168774 0.023659 0.044801
1 0.329353 0.151659 0.043291 0.042788
1 0.268947 0.264165 0.048325 0.056379
1 0.526931 0.379188 0.111248 0.118295
1 0.699088 0.347978 0.077018 0.093126
1 0.855137 0.318279 0.190782 0.170647
1 0.757229 0.678197 0.197326 0.152525
1 0.627356 0.501762 0.060406 0.076514
1 0.593377 0.597908 0.076011 0.141954
1 0.933916 0.790452 0.056379 0.025673
1 0.877285 0.767296 0.017618 0.016612
1 0.896414 0.782649 0.021645 0.016108
1 0.989625 0.788234 0.018796 0.019224
