1 0.397183 0.419811 0.050813 0.058753
1 0.378525 0.482533 0.037316 0.058753
1 0.593686 0.509527 0.110360 0.177846
1 0.974399 0.430034 0.049249 0.063320
1 0.690946 0.041095 0.080983 0.061928
1 0.909680 0.034743 0.099244 0.063516
1 0.979163 0.023214 0.039721 0.040457
1 0.885067 0.152248 0.135766 0.088923
1 0.629017 0.717543 0.312818 0.109566
1 0.507543 0.797732 0.158791 0.042873
1 0.414650 0.802099 0.036522 0.027788
1 0.288808 0.755256 0.034140 0.035728
1 0.728659 0.811627 0.164348 0.081777
1 0.113345 0.450775 0.056371 0.090511
