1 0.879581 0.049502 0.044178 0.031390
1 0.901669 0.105887 0.058129 0.060454
1 0.961542 0.165760 0.061616 0.045340
1 0.532552 0.314569 0.033715 0.049991
1 0.493648 0.521834 0.035728 0.077013
1 0.660379 0.509130 0.037316 0.057959
1 0.584556 0.496030 0.085747 0.084159
1 0.621872 0.444820 0.047637 0.035728
1 0.599244 0.257447 0.029376 0.027788
1 0.645690 0.234423 0.063516 0.061134
1 0.750492 0.382892 0.044461 0.038904
1 0.805672 0.374158 0.051607 0.083365
1 0.812421 0.235217 0.039698 0.038904
1 0.800908 0.164952 0.045255 0.055577
