1 0.349546 0.862440 0.138148 0.118299
1 0.469433 0.828300 0.046049 0.092893
1 0.505558 0.837827 0.027788 0.050019
1 0.559943 0.795748 0.050813 0.146881
1 0.612344 0.704443 0.022231 0.057959
1 0.447202 0.743744 0.034934 0.050813
1 0.688564 0.691343 0.082571 0.084159
1 0.729452 0.704046 0.073838 0.061928
1 0.546446 0.627033 0.076220 0.069868
1 0.604802 0.533346 0.030964 0.053989
1 0.643706 0.520643 0.056371 0.112741
1 0.762402 0.318185 0.046049 0.034934
1 0.763592 0.822742 0.092893 0.115123
1 0.955634 0.946809 0.053005 0.104429
1 0.977166 0.850530 0.043667 0.107184
1 0.954538 0.698091 0.073044 0.156409
1 0.875937 0.884273 0.152439 0.228659
1 0.450378 0.936277 0.049225 0.040492
1 0.955579 0.024517 0.054483 0.049035
1 0.759623 0.441644 0.034140 0.046843
1 0.672288 0.411474 0.129414 0.105596
1 0.719528 0.288014 0.071456 0.117505
1 0.784632 0.149867 0.058753 0.060340
