1 0.192208 0.431408 0.119164 0.076730
1 0.032889 0.309338 0.065778 0.086031
1 0.055315 0.929129 0.109282 0.139788
1 0.328811 0.567429 0.138928 0.086031
1 0.319220 0.917364 0.186012 0.151135
1 0.579346 0.775530 0.128464 0.139509
1 0.038702 0.770471 0.077404 0.105449
1 0.191918 0.346540 0.073242 0.044178
1 0.298293 0.295968 0.167411 0.129046
1 0.410671 0.028530 0.103848 0.057059
1 0.343052 0.657529 0.073242 0.124395
1 0.469707 0.919248 0.171030 0.159552
1 0.745884 0.715076 0.153460 0.097656
1 0.781343 0.534296 0.242978 0.201125
1 0.901088 0.454660 0.168573 0.174386
1 0.879581 0.286668 0.197638 0.219727
