1 0.241010 0.331618 0.040774 0.102690
1 0.237234 0.406623 0.030203 0.044298
1 0.321299 0.359808 0.134907 0.212428
1 0.361318 0.545304 0.044801 0.061916
1 0.348230 0.593881 0.045808 0.038257
1 0.445383 0.470804 0.067957 0.107221
1 0.445383 0.549080 0.065943 0.066447
1 0.553107 0.471811 0.145478 0.190782
1 0.645226 0.783656 0.154538 0.153028
1 0.736842 0.742630 0.050842 0.022652
1 0.762262 0.768555 0.055372 0.027183
1 0.807063 0.845069 0.037250 0.044298
1 0.826444 0.189916 0.081045 0.081045
1 0.778371 0.282035 0.228536 0.128363
1 0.973014 0.095334 0.052020 0.108334
