1 0.164495 0.457464 0.124336 0.118798
1 0.257370 0.406874 0.222495 0.087085
1 0.336652 0.316265 0.070977 0.039767
1 0.458974 0.531713 0.109234 0.154538
1 0.562168 0.433553 0.035740 0.052855
1 0.615023 0.494714 0.169640 0.069467
1 0.499748 0.378181 0.072990 0.051848
1 0.657559 0.448907 0.036244 0.043291
1 0.916801 0.320292 0.021142 0.038760
1 0.925862 0.359808 0.029196 0.042284
1 0.931902 0.424493 0.039264 0.038760
1 0.974524 0.370331 0.048999 0.123736
1 0.071621 0.075900 0.043291 0.031210
1 0.236479 0.174563 0.041781 0.037250
