1 0.138571 0.506292 0.086078 0.163096
1 0.211058 0.483137 0.059903 0.056379
1 0.313245 0.575256 0.117288 0.138934
1 0.622574 0.394541 0.054365 0.091616
1 0.751440 0.467280 0.087589 0.059903
1 0.720482 0.562168 0.055875 0.046311
1 0.704373 0.636417 0.033727 0.037754
1 0.789697 0.625342 0.031210 0.043794
1 0.352761 0.287572 0.071480 0.057889
1 0.274485 0.255859 0.099166 0.096146
1 0.111892 0.131272 0.039767 0.038257
1 0.224398 0.041922 0.033223 0.036747
1 0.291348 0.061050 0.054365 0.037754
1 0.169020 0.987989 0.051333 0.022068
1 0.137313 0.198222 0.092622 0.113764
1 0.263158 0.171794 0.058392 0.056882
