1 0.289574 0.499419 0.122070 0.068592
1 0.837147 0.550572 0.044178 0.087193
1 0.651716 0.815639 0.049991 0.066267
1 0.089030 0.600563 0.041853 0.052316
1 0.135533 0.565104 0.062779 0.067429
1 0.080311 0.522089 0.040690 0.046503
1 0.362816 0.447684 0.077892 0.053478
1 0.713332 0.269810 0.037202 0.072080
1 0.776111 0.197149 0.069754 0.098819
1 0.723214 0.335496 0.033715 0.063942
1 0.830171 0.377930 0.070917 0.051153
1 0.257022 0.166341 0.059291 0.032552
1 0.311663 0.139021 0.043015 0.045340
1 0.381999 0.111119 0.069754 0.033715
1 0.211100 0.182617 0.046503 0.106957
1 0.161860 0.048293 0.042678 0.096587
1 0.302606 0.032599 0.041177 0.065197
1 0.180292 0.701707 0.136021 0.152297
