1 0.337240 0.330845 0.194150 0.333659
1 0.935675 0.538946 0.123814 0.131371
1 0.949916 0.674967 0.087193 0.098819
1 0.891025 0.907622 0.165448 0.182803
1 0.716820 0.735421 0.290644 0.217401
1 0.470936 0.850516 0.136021 0.145322
1 0.345378 0.818545 0.145322 0.262742
1 0.362816 0.649391 0.196475 0.142997
1 0.608701 0.071591 0.120908 0.122070
1 0.779599 0.392462 0.093006 0.103469
1 0.712170 0.444196 0.067429 0.079055
1 0.617420 0.495350 0.063942 0.062779
1 0.560454 0.358747 0.145322 0.231352
1 0.117176 0.350039 0.234352 0.348751
